1 NartanaVarsha 9 11 2020 20201109 217
2 FatymaFranciska 9 1 2019 20190109 297
3 LunaIsebella 5 9 2019 20190905 231
4 TeresaJane 12 3 2019 20190312 136
5 MahaviraPriya 4 11 2020 20201104 251
6 PatrickIsebella 18 9 2019 20190918 370
7 MahaviraQuin 8 2 2020 20200208 199
8 UlnrichAbella 20 11 2019 20191120 184
9 JainelGorge 28 1 2019 20190128 120
10 IleanaJane 1 1 2020 20200101 215
11 LunaMartha 11 12 2020 20201211 211
12 YacovoneZahra 24 2 2019 20190224 248
13 ZadraBatista 2 8 2020 20200802 224
14 LunaCristina 27 8 2020 20200827 335
15 ZadraSamnatha 6 8 2019 20190806 272
16 UlnrichKatrina 30 8 2020 20200830 105
17 ScarlettAbella 6 7 2020 20200706 201
18 NartanaIsebella 21 1 2019 20190121 74
19 RaimundoTejaswini 3 10 2019 20191003 286
20 QuiterieGorge 22 2 2019 20190222 199
21 XiangZahra 14 6 2020 20200614 158
22 DalialahKatrina 21 7 2020 20200721 318
23 QuiterieEdith 10 3 2020 20200310 298
24 XiangWhitney 10 8 2020 20200810 239
25 YacovoneBatista 5 5 2019 20190505 127
26 TeresaBatista 7 8 2019 20190807 140
27 TeresaMartha 19 8 2019 20190819 165
28 CamilleSamnatha 17 8 2020 20200817 169
29 EvelynJane 25 2 2019 20190225 165
30 FatymaYolanda 23 4 2020 20200423 247
31 XiangPriya 24 6 2019 20190624 167
32 QuiterieFranciska 6 2 2020 20200206 79
33 AmeliaFranciska 17 7 2019 20190717 219
34 YacovoneMartha 17 8 2020 20200817 116
35 UlnrichMartha 8 12 2019 20191208 160
36 BeattaWhitney 3 2 2019 20190203 138
1 XiangBatista 19 6 2019 20190619 225
1 RaimundoIsebella 8 11 2019 20191108 177
1 RaimundoAbella 17 5 2020 20200517 167
